9.817138314247131348e-01
2.857374027371406555e-02
9.652535319328308105e-01
9.817138314247131348e-01
9.830954670906066895e-01
1.288717053830623627e-02
9.652535319328308105e-01
9.477163553237915039e-01
4.093396067619323730e-01
7.829320430755615234e-01
5.701825022697448730e-01
9.664362668991088867e-01
8.839877843856811523e-01
1.365575939416885376e-01
9.714491367340087891e-01
9.714491367340087891e-01
5.235867947340011597e-02
9.714491367340087891e-01
9.835091233253479004e-01
8.462602496147155762e-01
2.548603415489196777e-01
2.298141419887542725e-01
1.288717053830623627e-02
8.839877843856811523e-01
5.995324254035949707e-02
2.033984512090682983e-01
1.288717053830623627e-02
1.058892905712127686e-01
9.714491367340087891e-01
1.058892905712127686e-01
9.652535319328308105e-01
3.255099058151245117e-01
5.500238761305809021e-02
4.512033164501190186e-01
3.866228163242340088e-01
4.957181513309478760e-01
2.927200496196746826e-01
9.656443446874618530e-02
1.288717053830623627e-02
9.830954670906066895e-01
9.209859371185302734e-01
1.288717053830623627e-02
3.255099058151245117e-01
5.500238761305809021e-02
8.839877843856811523e-01
8.880468606948852539e-01
8.839877843856811523e-01
5.235867947340011597e-02
3.866228163242340088e-01
9.656443446874618530e-02
2.857374027371406555e-02
9.722996950149536133e-01
3.255099058151245117e-01
9.714491367340087891e-01
9.656443446874618530e-02
8.592312783002853394e-02
1.058892905712127686e-01
8.839877843856811523e-01
8.839877843856811523e-01
9.291254281997680664e-01
9.714491367340087891e-01
9.849549531936645508e-01
7.676463127136230469e-01
9.652535319328308105e-01
2.857374027371406555e-02
9.714491367340087891e-01
6.616559028625488281e-01
1.058892905712127686e-01
8.696644902229309082e-01
9.590452909469604492e-01
2.196802645921707153e-01
4.798835217952728271e-01
9.391840696334838867e-01
7.894372940063476562e-01
1.058892905712127686e-01
9.330576062202453613e-01
8.839877843856811523e-01
1.288717053830623627e-02
9.722996950149536133e-01
8.880468606948852539e-01
7.784007191658020020e-01
9.652535319328308105e-01
3.255099058151245117e-01
9.714491367340087891e-01
9.656443446874618530e-02
9.714491367340087891e-01
3.411503136157989502e-01
3.866228163242340088e-01
3.719952106475830078e-01
4.175801873207092285e-01
9.291254281997680664e-01
3.255099058151245117e-01
8.839877843856811523e-01
5.188851356506347656e-01
1.058892905712127686e-01
2.857374027371406555e-02
3.255099058151245117e-01
9.153618216514587402e-01
9.714491367340087891e-01
2.857374027371406555e-02
1.288717053830623627e-02
9.714491367340087891e-01
8.839877843856811523e-01
9.485912919044494629e-01
3.866228163242340088e-01
2.857374027371406555e-02
3.549058735370635986e-01
1.372267603874206543e-01
8.701247572898864746e-01
6.082766652107238770e-01
9.078933596611022949e-01
1.058892905712127686e-01
3.255099058151245117e-01
1.058892905712127686e-01
9.817138314247131348e-01
9.652535319328308105e-01
8.880468606948852539e-01
9.817138314247131348e-01
9.817138314247131348e-01
9.817138314247131348e-01
8.839877843856811523e-01
9.849549531936645508e-01
9.391840696334838867e-01
2.871754765510559082e-01
9.817138314247131348e-01
2.857374027371406555e-02
9.714491367340087891e-01
9.106914997100830078e-01
9.879542589187622070e-01
9.714491367340087891e-01
9.485912919044494629e-01
3.930420577526092529e-01
9.391840696334838867e-01
1.058892905712127686e-01
3.255099058151245117e-01
8.074353337287902832e-01
9.652535319328308105e-01
8.462602496147155762e-01
1.288717053830623627e-02
8.614716529846191406e-01
5.422887802124023438e-01
9.817138314247131348e-01
9.714491367340087891e-01
8.880468606948852539e-01
9.714491367340087891e-01
9.714491367340087891e-01
3.549058735370635986e-01
7.593872547149658203e-01
9.714491367340087891e-01
8.098542690277099609e-01
9.391840696334838867e-01
9.714491367340087891e-01
9.209859371185302734e-01
9.714491367340087891e-01
4.798835217952728271e-01
3.255099058151245117e-01
2.833951711654663086e-01
1.288717053830623627e-02
2.548603415489196777e-01
8.802996873855590820e-01
9.656443446874618530e-02
9.291254281997680664e-01
9.664362668991088867e-01
4.093396067619323730e-01
2.857374027371406555e-02
1.288717053830623627e-02
9.209859371185302734e-01
5.009948015213012695e-01
2.917414009571075439e-01
9.431614279747009277e-01
3.255099058151245117e-01
8.880468606948852539e-01
9.148263335227966309e-01
9.391840696334838867e-01
1.058892905712127686e-01
9.656443446874618530e-02
4.957181513309478760e-01
3.095217645168304443e-01
1.058892905712127686e-01
3.255099058151245117e-01
5.530585050582885742e-01
3.936636447906494141e-01
6.791014671325683594e-01
8.839877843856811523e-01
1.058892905712127686e-01
4.424018561840057373e-01
8.900106698274612427e-02
8.963670730590820312e-01
4.798835217952728271e-01
9.817138314247131348e-01
8.601708412170410156e-01
9.714491367340087891e-01
2.857374027371406555e-02
